915593	"what types of food can you cook sous vide what types of food can you cook sous vide what types of food can you cook sous vide ""A wide variety of foods can be cooked sous vide"
794429	what is sculpture shape space what is sculpture shape space what is sculpture shape space 
801118	"what is supplemental security income used for what is supplemental security income used for what is supplemental security income used for ""Supplemental Security Income (SSI) is used to help individuals who are 65 or older"
190044	foods to detox liver naturally foods to detox liver naturally foods to detox liver naturally 
451602	"medicare's definition of mechanical ventilation medicare's definition of mechanical ventilation medicare's definition of mechanical ventilation ""For Medicare to cover mechanical ventilation at home"
177604	"eating foods that are considered warm eating foods that are considered warm eating foods that are considered warm It seems like ""answer1"" doesn't directly address the query about ""eating foods that are considered warm."" Instead, it raises additional questions related to the topic. Since it doesn't provide a direct answer to the initial query, it should be considered irrelevant for the purpose of providing a clear and direct response to the question about eating foods that are considered warm.  Given the information and the task at hand, the correct approach would be to filter out answers that do not directly address the query or provide relevant information about eating foods considered warm. However, since there's only one answer provided and it doesn't directly answer the query, the result would"
966413	"where are the benefits of cinnamon as a supplement? where are the benefits of cinnamon as a supplement? where are the benefits of cinnamon as a supplement? ""C"
588587	"what causes heavy metal toxins in your body what causes heavy metal toxins in your body what causes heavy metal toxins in your body ""Common sources of heavy metal exposure include contaminated food and water"
1108939	"what slows down the flow of blood what slows down the flow of blood what slows down the flow of blood ""Several factors can slow down the flow of blood"
507445	"symptoms of different types of brain bleeds symptoms of different types of brain bleeds symptoms of different types of brain bleeds ""A cerebral hemorrhage"
527433	"types of dysarthria from cerebral palsy types of dysarthria from cerebral palsy types of dysarthria from cerebral palsy ""The common types of dysarthria in individuals with cerebral palsy include spastic dysarthria"
1056204	who was the first steam boat operator who was the first steam boat operator who was the first steam boat operator The first steamboat operator was Robert Fulton, an American engineer and inventor, who launched the Clermont in 1807, successfully traveling from New York City to Albany. Although others, like John Fitch and James Rumsey, worked on early steamboat designs, Fulton's launch marked the first commercially successful steam navigation.
1114646	"what is famvir prescribed for what is famvir prescribed for what is famvir prescribed for ""Famvir"
264403	"how long is recovery from a face lift and neck lift how long is recovery from a face lift and neck lift how long is recovery from a face lift and neck lift ""The typical downtime after a face lift and neck lift surgery can vary"
87452	causes of military suicide causes of military suicide causes of military suicide The causes of military suicide are complex and multifaceted, involving psychological, social, and environmental factors. These can include combat exposure, military culture, lack of social support from peers and commanders, and limited access to mental health resources. Other contributing factors may include stress, trauma, substance abuse, and personal issues.
489204	"right pelvic pain causes right pelvic pain causes right pelvic pain causes ""Common causes of right pelvic pain include appendicitis ""Right pelvic pain can also be a symptom of underlying conditions such as endometriosis ""Additionally"
182539	"example of monotonic function example of monotonic function example of monotonic function ""A simple example of a monotonically increasing function is f(x) = 2x"
537817	"vitamin e anti scar vitamin e anti scar vitamin e anti scar ""Vitamin E"
86606	"causes of gas in large intestine causes of gas in large intestine causes of gas in large intestine ""The causes of gas in the large intestine can include swallowed air"
88495	"causes of stroke? causes of stroke? causes of stroke? ""The causes of stroke can be attributed to a combination of genetic"
877809	"what metal are hip replacements made of what metal are hip replacements made of what metal are hip replacements made of ""The metals used for hip replacement implants include titanium and stainless steel."
554515	"what are achieved and ascribed statuses? what are achieved and ascribed statuses? what are achieved and ascribed statuses? ""Achieved status refers to the social status an individual attains through their efforts"
1065636	"why do some places on my scalp feel sore why do some places on my scalp feel sore why do some places on my scalp feel sore ""Scalp soreness can be caused by various factors"
1133485	"how does vitamin c helps how does vitamin c helps how does vitamin c helps ""Vitamin C helps by acting as an antioxidant"
166046	"does ethambutol treat bone infection does ethambutol treat bone infection does ethambutol treat bone infection Since the provided ""Answer 1"" does not directly address whether ethambutol treats bone infection, it is considered irrelevant to the initial query. Therefore, the response will be:  {}   This signifies that none of the provided answers directly and correctly addressed the question about ethambutol's role in treating bone infections."
655914	"what drives poaching what drives poaching what drives poaching ""Economic factors such as poverty and the demand for wildlife products drive poaching."" ""Social and cultural factors ""Corrupt trade networks and lack of effective conservation efforts further exacerbate the issue of poaching."
730539	what is chronometer who invented it what is chronometer who invented it what is chronometer who invented it To address the initial query directly, we need to focus on what a chronometer is and who invented it. Given the provided answers, neither directly answers the question but let's refine the response for clarity and relevance.  A chronometer is a highly accurate clock or watch, especially one that is certified to have met certain standards of precision. The invention of the chronometer is credited to John Harrison, an English clockmaker, who in the 18th century developed a series of timekeepers that could keep accurate time at sea, thereby solving the problem of determining longitude.  Here's a refined JSON response that directly answers the query:  ``` {
67316	"can fever cause miscarriage early pregnancy can fever cause miscarriage early pregnancy can fever cause miscarriage early pregnancy ""Fever during early pregnancy can increase the risk of miscarriage"
144862	"did prohibition increased crime did prohibition increased crime did prohibition increased crime ""Yes"
1106007	"define visceral? define visceral? define visceral? ""Visceral refers to something related to the internal organs of the body"
883915	"what other brain proteins can cause dementia what other brain proteins can cause dementia what other brain proteins can cause dementia ""In addition to amyloid-beta and tau proteins"
443396	"lps laws definition lps laws definition lps laws definition ""LPS stands for Lanterman-Petris-Short Act"
1117817	"what does unauthorized act in writing mean what does unauthorized act in writing mean what does unauthorized act in writing mean ""An unauthorized act in writing refers to any action or communication that is not legally sanctioned or approved"
1049519	"who said no one can make you feel inferior who said no one can make you feel inferior who said no one can make you feel inferior ""The phrase 'no one can make you feel inferior' is often attributed to Eleanor Roosevelt"
705609	"what is a virus made of what is a virus made of what is a virus made of ""A virus is made of genetic material"
1108100	"what type of movement do bacteria exhibit? what type of movement do bacteria exhibit? what type of movement do bacteria exhibit? ""There are several types of bacterial motility"
47923	"axon terminals or synaptic knob definition axon terminals or synaptic knob definition axon terminals or synaptic knob definition ""Axon terminals"
174463	"dog day afternoon meaning dog day afternoon meaning dog day afternoon meaning ""The phrase 'Dog Day Afternoon' refers to a 1975 American crime drama film directed by Sidney Lumet"
332593	"how often to button quail lay eggs how often to button quail lay eggs how often to button quail lay eggs ""Button quails typically lay eggs frequently"
1109707	"what medium do radio waves travel through what medium do radio waves travel through what medium do radio waves travel through ""Radio waves can travel through a vacuum and do not require a physical medium to propagate. However"
1136769	"why does lacquered brass tarnish why does lacquered brass tarnish why does lacquered brass tarnish ""Lacquered brass tarnishes due to the breakdown of the lacquer coating over time"
1056416	"who was the highest career passer rating in the nfl who was the highest career passer rating in the nfl who was the highest career passer rating in the nfl Based on the initial query ""who was the highest career passer rating in the nfl"", I will evaluate the answers and return only the relevant and correct ones.  Since ""answer1"" does not provide a direct answer to the query and is more related to possible questions about NFL quarterback performance metrics, it is not relevant to the specific question asked.   ""answer2"" talks about the single-season record, not the career passer rating, so it's also not directly relevant to the query.  However, I can correct and provide the actual answer for the highest career passer rating in the NFL. According to the NFL records, Aaron Rodgers has the highest"
1112341	"what is the daily life of thai people what is the daily life of thai people what is the daily life of thai people ""The daily life of Thai people typically begins early in the morning with a visit to the local market to buy fresh food and offerings for the day. Many Thais start their day with a breakfast of street food"
315637	"how much does it cost to go to alabama university how much does it cost to go to alabama university how much does it cost to go to alabama university ""The tuition"
1103812	"who formed the commonwealth of independent states who formed the commonwealth of independent states who formed the commonwealth of independent states ""The Commonwealth of Independent States (CIS) was formed by the signing of the Belavezha Accords on December 8"
673670	"what is a alm what is a alm what is a alm ""An alm"
1103153	"who is thomas m cooley who is thomas m cooley who is thomas m cooley ""Thomas M. Cooley is a historical figure"
19335	"anthropological definition of environment anthropological definition of environment anthropological definition of environment ""In anthropology"
1105792	"define: geon define: geon define: geon ""A geon is a hypothetical"
273695	"how long will methadone stay in your system how long will methadone stay in your system how long will methadone stay in your system ""Methadone can stay in your system for varying lengths of time"
